578720788492976132
454997966491484160
640872652801572874
706872817983160360
526138306488959048
420304094431936512
443178594932490260
565538294289661963
247089539330473984
413399700515848212
775456587422498836
746094117158912011
210507237293162496
149708929822228481
191632337664999425
349105787903279104
550231689431875585
353274580015775759
262543082271145984
747050731928027187
745309821682581514
784774771841695765
757252299776327780
249844627207749633
449754728394391565
815531619019915284
749064820963410010
583155473692229633
171294710034464768
228902662479806464
295264938534895617
732394165911945236
204766540896141314
268586675188269059
651506600695300098
707161570828091414
143728789598240768
338736053743517696
749639704109907989
538147351366336513
756629774176223383
764668503331962880
625030841864552473
520762426283524096
302170217520431104
397780082665717761
267041305476071425
386956847070052352
605491908130635787
346975206130057217
503292558898757634
521685833204629515
538186152876703755
594257593308938242
576817530316914688
690291544837980260
792629882907394063
600719571821002782
474031852622053386
473241412196892682
414344074628169730
347134668417531914
199356634214957056
176096198619430912
488993179920760833
663080575959171142
500470792979480577
582967804026814474
789536918484287498
189384773486116865
711271606835740791
718785792352190474
514366573973340170
639175409312727041
747194824372781207
745334830929019050
715169125894193194
785949161479864420
362974691004252161
364557158693601281
346769059628449797
441518825377103882
422458387318439937
176549102773862400
381682291006636032
493909376109903873
313915184437657602
815922762727948319
189158439316881408
310808988193128454
343306209203585025
493721449631186946
339254240012664832
439205512425504771
85614143951892480
185476724627210241
668550445697990656
544103666148311041
724384370286264382
745208460987072522
343705263464775680
242286618734624770
406818588478144512
611323582324146186
228570340693901332
396731429200986113
621411433825042447
744659316006715503
694301129038757890
207584157243670529
647890761848848433
607374465793392651
486532062426300444
518872125394649099
744462879499091969
545061370132168704
435541604283973634
499044703958990849
299107519245189120
344537270491152386
482710721311014912
579946163730645003
419240629412036618
270375857384587264
594926940905930772
165419936213106688
565217818983923734
461958357368963083
683509507988783107
272855379715686400
528000366441136148
251092505368592385
371064496426319872
700371730434228267
767234278630228019
241019591122354176
348193420319260682
636607762385731598
347961968151494686
280106470333218818
168497908314800129
333069057345716224
544915314299895838
367966164829339649
447765420137644063
282720175780921345
137032690284232704
159828005781241868
206062000533536768
811069132879167509
190196212165509121
404390671064104970
469343369479454733
245706287743107073
361863808639303690
657246335006933043
219179066857750528
261838488389943296
382014806208544775
197453553751687168
563854547479560193
486062951292338176
672537216064552982
156635142671171585
668088764173910046
293292360823996427
187673891018244096
207982079617531904
179690442948870144
438978127973318656
282274425091653643
690256635272232998
703061058549710899
376759194600210433
588852741301075993
217674581136113664
285858125914046465
344354626403041281
609623209750429716
376619418643333120
414622336898301962
526823815297237003
429058705166958602
326025160157167616
196817730257551360
410109122839838721
240625207750950913
675515601149624360